0;1.0
1;1.0
2;0.9216
3;0.9604
4;0.9604
5;1.0
6;0.9216
7;1.0
8;1.0
9;0.9604
10;1.0
11;0.9604
12;0.9604
13;1.0
14;1.0
15;1.0
16;1.0
17;0.9216
18;1.0
19;0.9604
20;1.0
21;0.9216
22;1.0
23;1.0
24;0.9216
25;0.9604
26;0.9604
27;1.0
28;1.0
29;0.9216
30;1.0
31;1.0
32;1.0
33;1.0
34;1.0
35;0.9216
36;1.0
37;0.9604
38;0.9604
39;0.9216
40;0.9604
41;0.9604
42;0.9216
43;1.0
44;1.0
45;1.0
46;1.0
47;1.0
48;0.9216
49;1.0
50;0.9604
51;0.9216
52;1.0
53;1.0
54;0.9216
55;0.9604
56;1.0
57;0.9604
58;1.0
59;1.0
60;1.0
61;1.0
62;0.9604
63;0.9604
64;0.9604
65;1.0
66;1.0
67;1.0
68;0.9604
69;0.9604
70;0.9604
71;0.9604
72;1.0
73;1.0
74;1.0
75;0.9604
76;0.9216
77;1.0
78;1.0
79;1.0
80;0.9216
81;1.0
82;0.9604
83;0.9216
84;1.0
85;1.0
86;0.9604
87;0.9604
88;1.0
89;1.0
90;1.0
91;1.0
92;0.9604
93;0.9604
94;0.9604
95;1.0
96;1.0
97;1.0
98;1.0
99;1.0
100;0.9216
101;0.9604
102;1.0
103;1.0
104;1.0
105;0.9604
106;1.0
107;0.9604
108;1.0
109;0.9604
110;0.9604
111;1.0
112;1.0
113;0.9604
114;0.9604
115;0.9604
116;1.0
117;0.9604
118;1.0
119;1.0
120;1.0
121;1.0
122;0.9604
123;0.9604
124;0.9216
125;1.0
126;0.9604
127;0.9216
128;0.9604
129;1.0
130;1.0
131;0.9604
132;0.9604
133;1.0
134;0.9604
135;0.9604
136;1.0
137;1.0
138;0.9604
139;0.9216
140;1.0
141;0.9604
142;1.0
143;0.9216
144;0.9604
145;0.9216
146;1.0
147;1.0
148;1.0
149;1.0
150;1.0
151;1.0
152;1.0
153;1.0
154;1.0
155;0.9604
156;1.0
157;0.9604
158;0.9604
159;1.0
160;1.0
161;1.0
162;1.0
163;1.0
164;1.0
165;0.9216
166;1.0
167;0.9604
168;1.0
169;1.0
170;0.9604
171;1.0
172;1.0
173;0.9604
174;0.9216
175;0.9604
176;0.9604
177;0.9604
178;1.0
179;0.9604
180;1.0
181;0.9216
182;1.0
183;1.0
184;1.0
185;1.0
186;1.0
187;0.9604
188;1.0
189;1.0
190;1.0
191;0.9216
192;0.9604
193;0.9604
194;1.0
195;1.0
196;1.0
197;1.0
198;0.9604
199;0.9604
200;1.0
201;1.0
202;1.0
203;0.9604
204;0.9604
205;1.0
206;1.0
207;1.0
208;1.0
209;0.9604
210;1.0
211;0.9216
212;0.9604
213;0.9604
214;0.9604
215;1.0
216;1.0
217;1.0
218;0.9604
219;1.0
220;0.9604
221;0.9216
222;1.0
223;1.0
224;1.0
225;1.0
226;0.9216
227;1.0
228;0.9216
229;0.9604
230;1.0
231;1.0
232;0.9604
233;0.9604
234;0.9604
235;0.9604
236;1.0
237;1.0
238;1.0
239;1.0
240;0.9604
241;0.9216
242;0.9604
243;1.0
244;0.9604
245;1.0
246;0.9604
247;0.9604
248;0.9604
249;1.0
250;1.0
251;0.9604
252;1.0
253;1.0
254;0.9216
255;1.0
256;0.9604
257;1.0
258;1.0
259;1.0
260;0.9604
261;0.9216
262;0.9604
263;0.9604
264;0.9604
265;0.9604
266;0.9604
267;1.0
268;1.0
269;1.0
270;1.0
271;1.0
272;1.0
273;0.9216
274;1.0
275;1.0
276;0.9604
277;0.9604
278;1.0
279;1.0
280;1.0
281;0.9604
282;0.9216
283;0.9604
284;0.9604
285;1.0
286;1.0
287;1.0
288;1.0
289;0.9604
290;0.9604
291;0.9604
292;0.9604
293;0.9216
294;1.0
295;0.9604
296;0.9216
297;0.9216
298;1.0
299;1.0
300;0.9604
301;1.0
302;0.9604
303;0.9216
304;1.0
305;0.9604
306;1.0
307;1.0
308;1.0
309;0.9216
310;0.9604
311;0.9216
312;1.0
313;0.9604
314;1.0
315;0.9604
316;0.9604
317;0.9604
318;0.9604
319;0.9604
320;1.0
321;1.0
322;1.0
323;1.0
324;0.9604
325;0.9216
326;0.9604
327;0.9604
328;1.0
329;0.9604
330;0.9216
331;0.9604
332;0.9604
333;0.9604
334;1.0
335;1.0
336;0.9216
337;0.9216
338;0.9604
339;1.0
340;0.9604
341;1.0
342;0.9604
343;0.9604
344;1.0
345;1.0
346;0.9216
347;0.9604
348;1.0
349;1.0
350;0.9604
351;1.0
352;0.9604
353;0.9604
354;0.9604
355;1.0
356;1.0
357;0.9604
358;0.8836
359;0.9604
360;1.0
361;1.0
362;1.0
363;0.9604
364;0.9604
365;0.9604
366;0.9604
367;0.9604
368;0.9604
369;1.0
370;0.9604
371;1.0
372;1.0
373;1.0
374;1.0
375;1.0
376;0.9604
377;1.0
378;0.9604
379;0.9604
380;1.0
381;1.0
382;0.9216
383;0.9604
384;1.0
385;0.9604
386;1.0
387;1.0
388;1.0
389;1.0
390;1.0
391;1.0
392;1.0
393;0.9604
394;1.0
395;0.9604
396;0.9604
397;0.9604
398;0.9604
399;0.9604
400;0.9604
401;1.0
402;0.9604
403;0.9604
404;1.0
405;0.9604
406;1.0
407;0.9604
408;0.9604
409;1.0
410;1.0
411;1.0
412;0.9604
413;1.0
414;1.0
415;1.0
416;1.0
417;0.9604
418;0.9604
419;1.0
420;0.9604
421;1.0
422;1.0
423;1.0
424;1.0
425;1.0
426;0.9604
427;1.0
428;1.0
429;0.9604
430;1.0
431;0.9604
432;1.0
433;0.9604
434;0.9604
435;1.0
436;0.9604
437;0.9216
438;0.9604
439;0.9216
440;1.0
441;0.9216
442;0.9604
443;0.9216
444;1.0
445;0.9216
446;1.0
447;1.0
448;1.0
449;0.9604
450;1.0
451;1.0
452;0.9604
453;1.0
454;1.0
455;0.9604
456;0.9604
457;1.0
458;0.9216
459;1.0
460;0.9604
461;1.0
462;1.0
463;0.9216
464;1.0
465;0.9604
466;1.0
467;0.9216
468;0.9604
469;1.0
470;0.9604
471;0.9216
472;0.9604
473;0.9604
474;1.0
475;0.9604
476;1.0
477;1.0
478;1.0
479;1.0
480;0.9604
481;0.9604
482;0.9604
483;0.9604
484;1.0
485;1.0
486;1.0
487;0.9216
488;1.0
489;1.0
490;1.0
491;1.0
492;1.0
493;0.9604
494;1.0
495;1.0
496;1.0
497;0.9216
498;1.0
499;0.9604
best genotype:
(
['A', 1]
['!f', 0]
['R', 0]
['!s', 0]
)
(
['f', 0]
['s', 0]
['R', 0]
['!A', 1]
)
(
['f', 0]
['!A', 1]
['!s', 0]
['R', 0]
)
(
['A', 1]
['!R', 0]
['!f', 0]
['s', 0]
)
(
['!R', 0]
['A', 1]
['!s', 0]
['!f', 0]
)
(
['A', 1]
['!f', 0]
['!R', 0]
['s', 0]
)
(
['!s', 0]
['!R', 0]
['!f', 0]
['A', 1]
)
(
['!s', 0]
['!R', 0]
['A', 1]
['f', 0]
)
(
['!f', 0]
['!R', 0]
['s', 0]
['A', 1]
)
(
['A', 1]
['f', 0]
['R', 0]
['!s', 0]
)
(
['!f', 0]
['!s', 0]
['!R', 0]
['!A', 1]
)
(
['s', 0]
['f', 0]
['A', 1]
['R', 0]
)
(
['f', 0]
['!s', 0]
['!R', 0]
['!A', 1]
)
(
['!A', 1]
['f', 0]
['!R', 0]
['!s', 0]
)
(
['A', 1]
['f', 0]
['!R', 0]
['!s', 0]
)
(
['A', 1]
['s', 0]
['R', 0]
['!f', 0]
)
(
['s', 0]
['f', 0]
['R', 0]
['!A', 1]
)
(
['f', 0]
['s', 0]
['A', 1]
['!R', 0]
)
(
['f', 0]
['s', 0]
['!A', 1]
['R', 0]
)
(
['f', 0]
['s', 0]
['R', 0]
['!A', 1]
)
(
['!s', 0]
['!f', 0]
['!R', 0]
['A', 1]
)
(
['!s', 0]
['f', 0]
['!R', 0]
['!A', 1]
)
(
['!R', 0]
['s', 0]
['f', 0]
['A', 1]
)
(
['A', 1]
['f', 0]
['!R', 0]
['!s', 0]
)
(
['f', 0]
['!s', 0]
['!A', 1]
['!R', 0]
)
(
['f', 0]
['!A', 1]
['s', 0]
['R', 0]
)
(
['!f', 0]
['!A', 1]
['!R', 0]
['s', 0]
)
(
['A', 1]
['!R', 0]
['!f', 0]
['!s', 0]
)
(
['R', 0]
['A', 1]
['!f', 0]
['!s', 0]
)
(
['R', 0]
['f', 0]
['!s', 0]
['!A', 1]
)
(
['!f', 0]
['s', 0]
['!A', 1]
['R', 0]
)
(
['!s', 0]
['A', 1]
['f', 0]
['R', 0]
)
(
['!s', 0]
['R', 0]
['!f', 0]
['A', 1]
)
(
['A', 1]
['!R', 0]
['!f', 0]
['!s', 0]
)
(
['R', 0]
['A', 1]
['f', 0]
['!s', 0]
)
(
['f', 0]
['R', 0]
['!s', 0]
['A', 1]
)
(
['A', 1]
['s', 0]
['R', 0]
['f', 0]
)
(
['!s', 0]
['f', 0]
['R', 0]
['!A', 1]
)
(
['!R', 0]
['A', 1]
['!f', 0]
['s', 0]
)
(
['R', 0]
['!s', 0]
['f', 0]
['A', 1]
)
(
['!s', 0]
['!A', 1]
['!R', 0]
['f', 0]
)
(
['f', 0]
['!s', 0]
['R', 0]
['A', 1]
)
(
['!s', 0]
['!R', 0]
['f', 0]
['!A', 1]
)
(
['!s', 0]
['R', 0]
['!f', 0]
['A', 1]
)
(
['!s', 0]
['!A', 1]
['!R', 0]
['f', 0]
)
(
['R', 0]
['A', 1]
['s', 0]
['!f', 0]
)
(
['!R', 0]
['!A', 1]
['!f', 0]
['!s', 0]
)
(
['R', 0]
['f', 0]
['s', 0]
['!A', 1]
)
(
['!f', 0]
['A', 1]
['!s', 0]
['R', 0]
)
(
['!s', 0]
['f', 0]
['!R', 0]
['A', 1]
)
fitness: 0.9604
