0;0.9604
1;0.998816
2;0.9604
3;1.04
4;0.9216
5;0.9216
6;0.9216
7;0.998816
8;0.998816
9;0.9216
10;0.921984
11;1.0
12;0.921984
13;0.998816
14;0.96
15;0.921984
16;0.9604
17;0.9604
18;0.884736
19;0.96
20;0.921984
21;0.96
22;0.921984
23;0.9604
24;0.884736
25;1.0
26;0.921984
27;1.0
28;1.0
29;0.9604
30;0.9604
31;0.9604
32;0.96
33;0.921984
34;0.998816
35;0.9604
36;1.04
37;0.884736
38;1.04
39;0.921984
40;0.9604
41;0.921984
42;0.96
43;0.958464
44;0.921984
45;0.921984
46;0.9216
47;0.9216
48;0.921984
49;0.9604
50;1.04
51;0.921984
52;0.921984
53;0.998816
54;0.9604
55;1.0
56;0.921984
57;0.921984
58;0.9604
59;0.998816
60;0.9216
61;0.9604
62;0.998816
63;0.921984
64;0.9604
65;0.96
66;0.921984
67;1.04
68;1.0
69;0.9216
70;1.0
71;0.9604
72;1.04
73;0.958464
74;0.921984
75;0.9604
76;0.9216
77;0.921984
78;0.998816
79;0.921984
80;1.04
81;0.9604
82;1.04
83;1.0
84;0.921984
85;0.921984
86;0.921984
87;0.958464
88;1.0
89;0.921984
90;1.0
91;1.0
92;0.884736
93;0.998816
94;0.921984
95;0.921984
96;0.96
97;1.04
98;0.96
99;0.9604
100;0.884736
101;1.04
102;1.0
103;0.9604
104;0.96
105;0.96
106;0.998816
107;0.998816
108;0.9604
109;0.884736
110;0.96
111;0.921984
112;0.9216
113;0.958464
114;1.04
115;1.04
116;0.96
117;0.998816
118;0.921984
119;0.921984
120;0.998816
121;0.921984
122;0.9604
123;0.9604
124;1.04
125;1.04
126;0.998816
127;0.998816
128;0.884736
129;0.96
130;0.9604
131;0.958464
132;0.9604
133;0.958464
134;1.0
135;0.921984
136;0.9604
137;1.04
138;0.921984
139;1.04
140;1.04
141;1.04
142;0.884736
143;0.9604
144;0.96
145;0.9604
146;1.0
147;0.921984
148;0.9604
149;0.9604
150;1.04
151;0.9604
152;1.0
153;0.96
154;0.921984
155;0.96
156;1.0
157;0.9604
158;0.921984
159;0.998816
160;0.921984
161;1.0
162;0.958464
163;0.998816
164;1.0
165;1.0
166;0.96
167;0.9604
168;0.998816
169;0.998816
170;0.9604
171;1.0
172;0.998816
173;1.0
174;0.884736
175;0.921984
176;0.96
177;0.9604
178;0.9604
179;0.998816
180;0.96
181;1.0
182;0.96
183;0.9216
184;0.9604
185;0.9604
186;0.96
187;1.04
188;0.921984
189;0.884736
190;0.921984
191;0.884736
192;0.9604
193;0.96
194;0.921984
195;0.921984
196;1.04
197;1.0
198;0.9604
199;1.04
200;0.9604
201;0.9604
202;0.921984
203;1.0
204;1.04
205;1.04
206;0.9604
207;0.96
208;0.998816
209;0.998816
210;1.04
211;0.96
212;0.884736
213;0.9216
214;1.0
215;1.04
216;0.921984
217;0.921984
218;0.998816
219;0.998816
220;0.9604
221;0.958464
222;0.884736
223;0.9604
224;0.9604
225;0.9604
226;1.0
227;0.9604
228;0.96
229;0.9604
230;0.958464
231;0.9216
232;0.998816
233;0.921984
234;1.04
235;1.04
236;1.04
237;0.9216
238;0.9604
239;0.921984
240;0.921984
241;1.0
242;0.9216
243;1.04
244;0.921984
245;0.998816
246;0.96
247;0.9189440000000001
248;0.921984
249;0.921984
250;0.9604
251;0.9604
252;0.9604
253;0.998816
254;0.96
255;0.998816
256;0.9216
257;1.0
258;0.9604
259;0.96
260;0.998816
261;0.998816
262;0.998816
263;0.921984
264;0.884736
265;0.96
266;1.04
267;0.9604
268;0.958464
269;1.04
270;0.96
271;0.921984
272;1.0
273;1.0
274;0.96
275;0.9604
276;0.921984
277;1.0
278;1.04
279;0.9604
280;0.998816
281;0.884736
282;1.04
283;1.04
284;0.998816
285;0.921984
286;0.9604
287;0.9604
288;1.04
289;0.9604
290;0.96
291;0.921984
292;0.9216
293;0.921984
294;0.96
295;0.9604
296;0.96
297;0.998816
298;0.921984
299;1.04
300;0.998816
301;0.884736
302;0.998816
303;1.0
304;0.998816
305;0.998816
306;0.96
307;0.998816
308;0.9604
309;0.9604
310;0.9604
311;0.958464
312;0.998816
313;0.9216
314;0.96
315;1.04
316;0.9216
317;0.9604
318;0.921984
319;0.921984
320;1.0
321;0.998816
322;0.9604
323;0.921984
324;0.848256
325;1.04
326;0.9604
327;1.04
328;1.0
329;0.9604
330;0.96
331;0.96
332;0.96
333;0.958464
334;1.04
335;0.998816
336;0.9604
337;0.9604
338;1.0
339;0.998816
340;0.921984
341;0.998816
342;0.958464
343;0.884736
344;0.998816
345;0.921984
346;1.0
347;0.921984
348;0.96
349;0.96
350;0.9604
351;0.998816
352;0.998816
353;0.96
354;1.04
355;0.998816
356;0.921984
357;0.998816
358;0.921984
359;0.9604
360;0.9604
361;0.96
362;0.921984
363;1.04
364;0.998816
365;0.998816
366;1.0
367;0.998816
368;0.921984
369;0.958464
370;0.9604
371;0.8836
372;1.0
373;0.958464
374;0.998816
375;0.96
376;0.921984
377;0.9604
378;0.96
379;0.9216
380;0.998816
381;0.96
382;1.04
383;0.884736
384;0.958464
385;0.998816
386;0.96
387;0.96
388;0.998816
389;1.04
390;1.04
391;0.96
392;1.0
393;1.0
394;0.96
395;0.9604
396;0.921984
397;1.04
398;0.9604
399;1.04
400;0.958464
401;0.998816
402;1.0
403;0.9216
404;0.884736
405;1.0
406;0.9604
407;0.921984
408;0.884736
409;1.0
410;0.921984
411;0.998816
412;0.9604
413;1.0
414;0.96
415;0.96
416;0.8836
417;0.998816
418;0.998816
419;0.96
420;0.998816
421;0.998816
422;1.04
423;0.9604
424;0.9216
425;0.9216
426;1.04
427;0.884736
428;0.9216
429;1.0
430;1.0
431;0.884736
432;0.921984
433;0.9216
434;1.0
435;0.921984
436;0.9604
437;0.9189440000000001
438;1.0
439;1.0
440;0.998816
441;1.0
442;0.958464
443;0.921984
444;1.0
445;0.998816
446;0.921984
447;0.998816
448;1.04
449;0.96
450;0.921984
451;1.04
452;0.998816
453;0.9604
454;0.96
455;0.998816
456;0.884736
457;0.921984
458;0.9604
459;1.04
460;0.96
461;0.998816
462;1.0
463;1.0
464;0.998816
465;0.998816
466;0.998816
467;0.9604
468;0.96
469;1.0
470;0.921984
471;0.921984
472;0.921984
473;0.9216
474;1.04
475;0.998816
476;1.0
477;0.998816
478;0.998816
479;0.9604
480;0.96
481;0.921984
482;0.96
483;0.9604
484;0.998816
485;0.958464
486;0.9604
487;0.9604
488;0.9216
489;0.998816
490;0.998816
491;1.0
492;0.9604
493;1.0
494;0.921984
495;0.9604
496;0.998816
497;0.9604
498;0.921984
499;0.9604
